SLAVE	TIME(s)	STATUS	INPUT PATH
24	26.2364	1	24
28	26.2565	1	28
20	26.2566	1	20
18	26.2566	1	18
21	26.2566	1	21
22	26.2566	1	22
19	26.2567	1	19
23	26.2566	1	23
25	26.2566	1	25
26	26.2566	1	26
27	26.2566	1	27
29	26.2565	1	29
30	26.2566	1	30
1	26.274	1	3
11	26.2741	1	11
6	26.2741	1	6
15	26.2743	1	15
3	26.275	1	2
7	26.2752	1	7
2	26.2756	1	1
12	26.2761	1	12
14	26.2771	1	14
10	26.2773	1	10
17	26.2775	1	17
8	26.2777	1	8
16	26.2777	1	16
4	26.2779	1	4
5	26.2779	1	5
9	26.2779	1	9
13	26.2779	1	13
----------------------------------------------
SLAVE	N INP	CUMULATED TIME (s)
1	1	26.274
2	1	26.2756
3	1	26.275
4	1	26.2779
5	1	26.2779
6	1	26.2741
7	1	26.2752
8	1	26.2777
9	1	26.2779
10	1	26.2773
11	1	26.2741
12	1	26.2761
13	1	26.2779
14	1	26.2771
15	1	26.2743
16	1	26.2777
17	1	26.2775
18	1	26.2566
19	1	26.2567
20	1	26.2566
21	1	26.2566
22	1	26.2566
23	1	26.2566
24	1	26.2364
25	1	26.2566
26	1	26.2566
27	1	26.2566
28	1	26.2565
29	1	26.2565
30	1	26.2566
----------------------------------------------
AVERAGE TIME (s)        = 26.2671
STANDARD DEVIATION (s)  = 0.011373
MIN VALUE (s)           = 26.2364
MAX VALUE (s)           = 26.2779
